"alpha2" "sig" "p0" "d0"
"1" 0.427253659258382 1.60630711560943 0.0988305628840526 0.159883042311631
"2" 0.777019632905409 1.73972429583687 0.0891253311522335 0.16284082761229
"3" 0.918929280395651 1.75457672180391 0.0961813002216443 0.158153912141551
"4" 0.633093404517457 1.66655048260222 0.0972342103473089 0.158308137494734
"5" 0.439831049757657 1.4921119328818 0.120895050454796 0.154434938620188
"6" 0.804210670221779 1.70290063690179 0.109088664618884 0.161452255885934
"7" 0.729571624351621 1.71972786701006 0.0978085508034636 0.159499945873074
"8" 0.567829121545374 1.62889300589426 0.10139163671738 0.156389452668767
"9" 0.75975653571425 1.70719104145296 0.106832328061306 0.159946167681008
"10" 0.616385903066847 1.68389397510741 0.0938322558598993 0.148554481239154
"11" 0.592330695888605 1.64284094738052 0.105646839152006 0.161878174480636
"12" 0.818894329325968 1.77602508189324 0.0898647301139191 0.157273754663278
"13" 0.669219945157012 1.67121520734593 0.0949686395641579 0.163088698153003
"14" 0.623237357250914 1.6840250984453 0.0943296539120414 0.153705177237127
"15" 0.391776927466413 1.61633054258281 0.0930135555410805 0.152161046372081
"16" 0.540941894902888 1.63874908001482 0.0996501267284264 0.154519599150754
"17" 0.631409002918285 1.69480522632079 0.0983910485182118 0.15435827797495
"18" 1.13754916754459 1.83937616581884 0.0931932640046887 0.150072452332006
"19" 0.793595707968077 1.72880708486355 0.0955775407305779 0.156702807540134
"20" 0.874354194487035 1.72379801217888 0.10284896448944 0.164411809339786
"21" 0.714459617906389 1.70739385718161 0.0949228675030212 0.15878238135039
"22" 0.486100023239255 1.60462144573073 0.100944092510925 0.15265716719969
"23" 0.769015804475184 1.71569080118759 0.10719144228621 0.16936126051921
"24" 0.593933881276785 1.67368298308208 0.0944956042801824 0.156747067221028
"25" 0.885829519625429 1.77374226944983 0.108295919630507 0.151358277358496
"26" 0.524361608353992 1.60872115097819 0.106702379509114 0.158015249660808
"27" 0.508079601489889 1.56549823500096 0.1078933994297 0.158115047812362
"28" 0.723923929819883 1.70089230864252 0.0991142903227504 0.157866655381541
"29" 0.60040740200462 1.6496708441067 0.103075265956636 0.168633335997383
"30" 0.905431770924303 1.77481039463177 0.0979156426091532 0.154393810187119
"31" 0.512839648958253 1.58036648267974 0.105273510252314 0.155971009870405
"32" 1.01255899133642 1.82170680522087 0.118622579672901 0.148847580162037
"33" 0.465970812990033 1.54848105801432 0.108114955303445 0.158075777718002
"34" 0.751913019264714 1.7368146641161 0.0987451077030642 0.155699883767335
"35" 0.471074916749371 1.61884141687794 0.0963278774453096 0.156877514540781
"36" 0.650899826181336 1.66513093991061 0.0987565358024114 0.154873738081652
"37" 0.760812758410349 1.69683620296653 0.0968052714285011 0.162021017509771
"38" 0.827899361956602 1.73914210047281 0.111661073602879 0.148365186618335
"39" 0.676155376011465 1.66473151553002 0.103435923978589 0.163618465365742
"40" 0.434121426442225 1.62668596989834 0.0935902403583823 0.162692473965706
"41" 0.675371475143476 1.68722864572974 0.0993308677371701 0.168157795548588
"42" 0.80852835838131 1.71483768984568 0.105362647726364 0.161343720353636
"43" 0.449784398312848 1.58670766393611 0.095624174877136 0.152346482617656
"44" 0.447172414065127 1.59628354027297 0.103355677591913 0.161862565192932
"45" 0.577543849471149 1.66016956826945 0.0995274947600834 0.156474002512806
"46" 0.611377962819048 1.64360780186052 0.0949240746429499 0.160678275907804
"47" 0.665800014499545 1.64405070383094 0.107660817116802 0.157704839513334
"48" 0.881277951016454 1.74695386544681 0.093838560643593 0.163920437908983
"49" 0.54702887260891 1.63465511074602 0.109083109557205 0.158749283601301
"50" 0.607658832136192 1.64927017693832 0.102350712468301 0.163246515682879
"51" 0.624305476784136 1.63869066785119 0.106220634396831 0.162412058804666
"52" 0.725013863676532 1.70792750593825 0.101280713768325 0.159916929211472
"53" 0.868644640573315 1.74341923577284 0.107396125142759 0.158082522939699
"54" 0.555784917193196 1.70055303417473 0.0872420944115194 0.156047791591632
"55" 0.644069242851247 1.62498863475502 0.113627795326308 0.161226583705939
"56" 0.666169059560107 1.66062637984433 0.10459973905181 0.156383569791663
"57" 0.55038569339377 1.66563343066393 0.0975007783557733 0.154118679595657
"58" 0.656397894031325 1.67034539130407 0.098988604131831 0.156171337032307
"59" 0.629967244014537 1.65484244961925 0.0995138673848077 0.159875112076483
"60" 0.751894553022884 1.70818165217988 0.101299476047321 0.157826649491877
"61" 0.578479989429981 1.64170604739053 0.0949162446737219 0.159186939233247
"62" 0.641880400668127 1.65952319631229 0.101069278608057 0.15838344923685
"63" 0.895831540157485 1.77565600500223 0.108304222752873 0.155828514474996
"64" 0.690380445265778 1.6683821445012 0.103950442364031 0.155312873060314
"65" 0.685085200626394 1.62387245788229 0.116299682156453 0.161719718078236
"66" 0.572264672609024 1.63130421954783 0.101533584554871 0.163148364949353
"67" 0.639524328318246 1.67286920923096 0.0998007907201329 0.158071972608485
"68" 0.779281715568171 1.71314253845489 0.105710265255437 0.158456488020478
"69" 0.51843946249606 1.59630844398286 0.107206893667551 0.156234177168559
"70" 0.744743308911074 1.69399145346988 0.110538495781905 0.160038678644752
"71" 0.394335568619479 1.57925185834097 0.098187510634768 0.154772466816139
"72" 0.41805266574791 1.58201793356576 0.0998013663337398 0.153823074120978
"73" 0.688224941007659 1.6760706277119 0.102325299939039 0.15427253388048
"74" 0.650478296726174 1.62744517878626 0.112328663023091 0.162578489981605
"75" 0.379369887288861 1.54078245608629 0.102878856337884 0.163555156068289
"76" 0.489445963675642 1.57076285361064 0.106948117930723 0.156953608425394
"77" 0.866829340683995 1.75101227362836 0.109686103122696 0.157864136629162
"78" 0.629082929189463 1.63737471678611 0.09881671789395 0.158923615084938
"79" 0.765122707130113 1.73028000916166 0.105067321315714 0.166778339322797
"80" 0.556561443403042 1.61129509640542 0.108343254575065 0.155379695571354
"81" 0.664672632411762 1.66366605213868 0.103222790566658 0.161965993789693
"82" 0.793393007661606 1.72424118991147 0.0992825721936137 0.161120087599029
"83" 0.683712950522472 1.6611251346934 0.0967302027063108 0.162847410043858
"84" 0.754078002794467 1.69740425258475 0.103761157246718 0.155216671919866
"85" 0.846126474541717 1.73821985039541 0.0918311721432824 0.155319675432441
"86" 0.646391683903793 1.64943462084033 0.10527786104364 0.161060620810707
"87" 0.486648060916233 1.61435192198853 0.100985120314998 0.158445152174844
"88" 0.546642315768164 1.63578368703994 0.0923536458608987 0.161739420939256
"89" 0.79063718971626 1.71412286822945 0.0979489426799348 0.162238442604921
"90" 0.772358330785107 1.69778005302037 0.103974032485836 0.153065222089189
"91" 0.603436252827117 1.64606631683479 0.100176755931603 0.162337245257969
"92" 0.483697222988114 1.62858275544389 0.0949031713853821 0.156713668074542
"93" 0.509981366070182 1.66940587927442 0.0906611222246708 0.15724934509673
"94" 0.719792534275612 1.72551818337404 0.0863125327659136 0.161350085053453
"95" 0.502577562538831 1.58265317379846 0.105777884657882 0.149328290136097
"96" 0.732149182093604 1.6938448183342 0.0964273867224883 0.157793483020095
"97" 0.499583379212013 1.61107926058949 0.099527794326376 0.161950163257333
"98" 0.808768964230869 1.73676759486681 0.0953866491656703 0.154464051092899
"99" 0.827818227465413 1.72582183256936 0.101650818095105 0.154029257794768
"100" 0.635461691487543 1.63883938902861 0.108661951410529 0.162267520219419
